-0.076576822
-0.074257971
-0.069236244
-0.046248715
-0.027268861
-0.006039632
0.029539839
0.240287537
-0.009577866
0.134037914
0.120611113
-0.082262396
-0.191780239
0.00740701
0.085567345
-0.268487267
-0.223850133
-0.216569846
-0.147915567
-0.317123096
-0.170249073
0.04522778
0.031679264
0.016149623
0.035687629
-0.449343057
-0.219811786
0.114281396
0.09266073
0.021589548
0.036121672
0.083366301
0.074585139
-0.311786229
0.08086458
0.027925199
-0.024155928
-0.012106064
0.010283253
-0.207483071
0.002079048
-0.033908911
-0.012326177
-0.220397079
-0.001461142
0.003557606
0.001891977
0.029306491
0.103460142
0.427029962
-0.112425358
-0.193623175
-0.112471194
0.086129054
0.043873833
0.026668415
0.004202956
0.009256557
-0.216533757
-0.013353926
0.063624549
0.147514434
0.244222621
0.107130944
0.129202473
0.046114141
0.073233643
0.132847849
0.195848627
0.288148314
0.383763782
0.427874574
0.549142287
0.150378513
-0.160678485
-0.034464787
-0.079422396
-0.032119066
-0.309950551
-0.146874404
0.01837646
0.335487987
0.067996852
0.143545117
-0.290984579
-0.846352457
-0.695271179
-0.52779673
0.035395377
0.253450292
0.003053147
0.30567603
0.365660243
0.320664596
0.234128808
0.308127737
0.156303374
-0.249080969
-0.356365768
0.067211855
0.006764191
0.082339603
0.123326804
0.059397247
0.171771307
0.084953601
-0.059136734
0.005656388
0.268051232
0.061027873
0.04181016
0.52171692
0.327914993
0.155879286
-0.008226689
0.039249288
-0.160414748
0.025878386
-0.111796269
0.070042402
0.109725335
0.098635116
0.077337087
0.080547979
0.086607027
-0.031241788
0.058206181
-0.06930939
0.149115252
0.146876774
-0.007313409
-0.18479094
0.4417177
0.032691216
0.028675316
-0.088514543
0.172222398
0.09716718
0.023756047
-0.071680556
-0.2387939
-0.107059185
0.017937037
0.056023153
0.083502151
0.094568027
0.351829997
0.073994276
-0.23400188
-0.408450809
-0.235905351
0.072691751
0.080987028
0.040746531
0.047787358
-0.086705255
0.05311369
0.004793715
0.070288455
0.000136348
-0.397910581
-0.082990166
-0.009435115
-0.255551773
0.131212399
0.028442155
0.03653583
-0.011282532
0.046094071
-0.10909981
0.031785425
0.100699764
0.161925982
0.140430878
0.0953177
0.089979417
-0.266780159
-0.074488336
0.035900036
0.03273367
0.020576672
-0.003319754
0.040849687
0.067983789
0.121587381
0.230176215
0.455838806
0.563815717
0.611510791
0.076952386
-0.042909014
-0.179883871
-0.027071473
0.061494191
0.061706228
0.065925935
0.026989476
0.032352059
0.018747789
-0.01927682
-0.058337053
-0.025944018
-0.013040335
0.086965959
-0.098953496
0.038509757
-0.000799099
0.023031392
0.096067519
0.198646791
0.024273424
0.089533325
0.000298462
-0.168063661
-0.121914608
0.01828807
-0.013342837
0.021326219
0.031385067
0.112384719
-0.128646394
0.17884698
0.081482639
0.081893353
-0.010806982
0.046228135
0.031697356
0.041802432
0.106477874
0.097354238
-0.023458345
-0.072711195
0.301364335
0.136321711
-0.172480851
-0.041205746
0.022053569
0.025960672
0.094465144
-0.112579775
0.12587252
0.152805801
0.003628774
-0.205172406
0.247734086
-0.04837834
-0.036039667
-0.001039955
-0.013402799
-0.01895259
-0.011384436
-0.005013775
-0.02991626
-0.176397154
-0.407086242
-0.05933204
0.003627459
0.009265226
0.008469897
0.030030265
-0.356937316
-0.022271352
-0.020909121
-0.001127417
0.046561901
-0.224933141
-0.182209184
-0.60888598
-0.231508085
-0.029111737
0.045861966
-0.42766042
-0.098925161
0.042171436
0.044338636
0.015180825
0.006173478
-0.01996458
-0.018629217
-0.002272732
0.006962787
0.043377328
0.065199992
0.085671532