0.175
0.118
0.103
0.072
0.073
0.077
0.054
0.073
0.271
0.100
0.083
0.109
0.388
0.103
0.110
0.437
0.584
0.386
0.269
0.384
0.235
0.027
0.036
0.065
0.073
0.495
0.274
0.061
0.049
0.050
0.039
0.044
0.155
0.484
0.037
0.040
0.087
0.085
0.077
0.341
0.069
0.104
0.083
0.282
0.089
0.067
0.080
0.077
0.076
0.266
0.763
0.674
0.634
0.078
0.094
0.053
0.086
0.062
0.287
0.084
0.057
0.080
0.118
0.240
0.071
0.086
0.058
0.066
0.058
0.210
0.271
0.110
0.074
0.110
0.427
0.384
0.295
0.286
0.514
0.406
0.483
0.068
0.093
0.058
0.448
1.000
0.915
0.929
0.644
0.461
0.565
0.304
0.158
0.061
0.028
0.033
0.069
0.480
0.505
0.072
0.170
0.055
0.070
0.063
0.041
0.209
0.575
0.497
0.194
0.458
0.268
0.044
0.073
0.052
0.084
0.099
0.282
0.109
0.222
0.038
0.041
0.042
0.055
0.059
0.056
0.243
0.212
0.297
0.077
0.092
0.321
0.721
0.476
0.314
0.338
0.445
0.242
0.081
0.084
0.205
0.405
0.226
0.086
0.052
0.051
0.063
0.055
0.071
0.380
0.559
0.418
0.112
0.057
0.063
0.051
0.250
0.043
0.143
0.063
0.148
0.587
0.419
0.276
0.422
0.083
0.061
0.050
0.081
0.072
0.255
0.091
0.075
0.072
0.068
0.055
0.056
0.446
0.211
0.035
0.044
0.078
0.088
0.066
0.052
0.045
0.061
0.052
0.304
0.405
0.652
0.630
0.604
0.439
0.091
0.037
0.042
0.037
0.046
0.058
0.279
0.283
0.109
0.075
0.036
0.220
0.089
0.106
0.062
0.064
0.075
0.416
0.324
0.384
0.439
0.367
0.052
0.062
0.061
0.102
0.122
0.475
0.259
0.234
0.155
0.261
0.036
0.065
0.054
0.069
0.112
0.351
0.319
0.038
0.079
0.244
0.155
0.067
0.080
0.073
0.262
0.048
0.049
0.374
0.638
0.369
0.472
0.116
0.081
0.064
0.072
0.073
0.063
0.106
0.297
0.567
0.221
0.221
0.056
0.072
0.062
0.740
0.080
0.097
0.092
0.068
0.408
0.381
0.780
0.283
0.089
0.060
0.675
0.297
0.109
0.056
0.083
0.051
0.059
0.078
0.070
0.087
0.075
0.078
0.102