7.7144
7.6774
3.5548
0.31082
-0.40859
0.098519
-0.21654
1.0501
1.382
1.2366
0.85885
1.4437
1.3178
1.1492
0.54257
0.039718
-0.038152
0.036686
1.561
0.80042
0.063713
1.2254
1.5113
0.24936
0.038588
0.29489
0.088773
-0.055092
-0.051746
-0.046171
0.4325
1.178
0.87921
-0.062879
-0.0081717
0.35736
0.006379
0.061681
1.6097
2.3636
1.3967
0.86608
0.13987
0.012508
-0.016811
-0.020835
-0.1004
-0.14972
-0.21067
-0.019797
0.98312
1.0753
-0.21111
-0.28628
0.92681
3.4784
1.6861
0.082927
-0.023439
-0.06798
-0.027349
0.47432
0.32898
-0.075893
0.053588
-0.052315
-0.00086778
-0.037464
-0.030465
-0.14332
1.3497
5.0121
5.0152
3.2318
2.2585
1.8252
1.3016
0.522
-0.046671
-0.0090328
0.090793
0.48999
0.20038
0.44284
1.5021
1.0743
2.4301
1.1545
1.081
0.61177
0.6171
1.5114
5.1547
4.5685
3.556
2.6183
1.6353
1.771
2.1091
1.7176
2.5478
1.4058
1.1976
0.61191
0.49383
0.15683
0.51269
0.67208
0.49742
0.66576
1.1688
2.9538
3.5114
3.324
1.8021
2.8251
1.6491
0.6307
0.22513
0.66833
1.1359
0.93587
0.54303
0.072708
0.22451
0.38503
0.36021
0.68173
1.4759
2.8357
2.6377
1.4008
1.9829
2.1607
2.5104
1.319
0.3656
0.29811
0.40779
0.29998
0.30333
0.2204
0.22898
0.18535
0.25621
0.24675
0.22162
0.56392
0.2248
0.75703
0.70901
0.27838
0.38922
0.551
3.0424
7.3301
2.7866
2.439
2.7036
3.0031
0.7036
0.16282
0.11658
0.59691
0.22782
0.29283
0.35666
0.57485
0.29277
20.586
1.7699
0.50719
0.66921
0.89046
1.3925
0.34306
0.26622
0.37204
1.1017
0.27351
0.1977
0.41634
0.29037
0.43138
0.78251
0.49789
0.48096
1.2216
0.25728
0.11329
0.15894
0.19287
0.16575
0.49452
1.4649
3.3674
1.0888
0.36141
1.2634
1.2207
0.43235
0.21413
0.04263
0.15799
0.053318
0.075216
0.053229
0.44915
0.10466
0.76634
3.0609
8.5415
2.3606
3.0785
2.7888
3.1645
0.34984
0.062715
0.34211
0.076278
0.22647
0.094313
2.5176
1.348
1.6406
0.1045
0.068009
0.37678
0.16886
0.069827
0.024475
0.085359
0.31972
0.79177
1.8979
2.9749
1.6638
0.97549
0.19581
0.034684
0.18652
0.22818
0.68017
1.589
1.416
0.69069
0.71827
0.29879
0.14619
0.10702
0.12855
0.87484
1.742
1.7068
0.87315
1.8066
2.1057
0.15625
0.11212
0.10048
0.051901
0.15427
1.301
1.1293
1.8352
1.7711
2.5363
1.8878
1.7784
0.74472
1.8124
0.39276
0.13941
0.057593
0.002552
-0.0044612
0.36385
0.39413
0.62381
2.1258
1.5396
0.58286
0.89896
1.2979
0.22188
0.48722
0.42013
1.3269
0.4252
1.1472
0.62877
0.16414
0.067006
0.15876
1.7883
1.0979
0.56706
0.18377
0.020293
0.026012
-0.015146
-0.025274
0.038546
0.043333
0.00070589
0.13687
1.1382
1.9358
1.0912
1.3751
2.0015
1.4973
0.91439
0.60646
1.485
1.2237
1.0899
0.87046
-0.016837
-0.0094644
-0.0098725
0.0088554
-0.00059472
0.074991
0.49412
0.63415
0.55061
1.2539
0.79874
-0.11227
-0.057046
-0.83632
-2.0352
-2.9853
-4.4813
-0.32976
-3.3451
