7.0536
0.72727
-0.2865
-0.30256
-0.11128
-0.051778
0.45224
1.9888
-1.3414
2.1779
0.43645
0.97078
0.83439
0.90473
1.5714
-0.34964
-2.879
-4.52
-4.887
-1.0153
0.015185
0.2551
2.3391
1.0557
0.12891
1.8193
-0.53685
-1.4415
-0.48533
-0.4086
-2.1513
0.15054
-0.49259
-0.27459
-0.47842
-1.1793
0.46734
-0.85337
-2.1402
0.7513
0.31581
0.86259
0.33245
0
-1.7885
-0.67295
-0.726
-1.5177
-0.50976
-0.030828
-0.005626
-1.253
-0.32495
-0.084702
0.020263
0.23145
-0.23781
-0.022239
-0.16983
-0.202
-0.44797
-0.54689
-0.39743
-0.006029
-0.050312
0
-0.038939
0
0
-0.1882
0.10795
0.1262
1.5484
1.7885
1.3643
2.1778
0.38795
-0.047295
0
-0.042791
-1.4101
0.21232
0.068387
-0.33683
-2.6748
1.1833
1.4828
0.60053
-0.2107
0.62715
0.35162
0.40348
2.3995
2.6049
2.39
3.886
1.8059
1.9399
1.6268
0.91503
0.44928
-1.215
-0.24112
0.82266
1.3938
0.22038
-0.76761
0.96022
0.54346
0.063515
0.98787
2.2632
3.103
2.5487
2.99
2.8992
1.7445
0.60552
0.87548
1.7822
1.2661
0.70802
1.2863
0.71687
0.57778
0.1652
0.75661
0.42491
-0.54344
1.5828
1.7886
2.4493
2.161
-0.27132
3.5909
2.2578
0.87356
0.40757
0.3399
0.46713
0.75612
0.43991
0.63301
0.35834
0.2926
0.29222
-0.10904
-0.058455
-0.76446
0.45701
0.44216
0.19327
1.6838
1.2453
2.5771
4.8589
2.7073
1.3992
1.7516
1.3141
0.78233
0.16542
0.14158
0.68076
0.22812
0.10971
-0.011231
-0.54941
-0.30417
-9.5534
-3.593
-1.6604
0.72607
0.38871
0.16696
0.11247
0.23469
-0.15333
0.46542
0.32031
0.071987
0.40398
0.50994
-0.14523
1.2369
1.3352
0.74481
0.77103
-0.40192
0.54372
-0.013009
-0.047964
0.48606
1.1296
0.81048
2.2505
3.7848
1.3825
2.6043
1.3468
0.49361
0.16623
0.16336
0.14912
0.084421
-0.011048
0.048554
-0.37791
0.12554
0.88482
0.43199
4.5329
3.0959
2.2953
1.9179
2.2011
0.31987
0.12325
0.073307
-0.1121
-0.2311
-0.21195
1.1517
1.0082
1.0201
0.085718
0.15367
0.38188
0.18588
0.14576
-0.011167
0.041608
0.20659
2.276
1.8126
1.727
1.0142
0.91182
-0.13328
-0.19953
-1.0862
-2.5444
0.11911
1.5361
1.7021
0.86076
0.52645
0.87576
0.079404
0.14487
0.1182
0.71162
0.79972
1.5066
1.2071
1.3781
1.412
0.13299
0.20192
0.041169
0.18717
0.31133
0.13969
0.35119
0.44068
1.6091
1.8555
5.1992
2.206
0.01573
0.17525
0.10326
-0.025527
-0.067987
0.051136
-0.0060293
0.30142
0.49017
0.52881
0.98779
0.10848
0.022176
-0.21299
2.3217
-0.12788
0.092248
-0.0082185
0.050489
0.71311
1.0143
1.1597
0.012354
-0.066534
-0.051932
1.3885
0.86071
0.63693
0.26867
0.20357
-0.050177
-0.1313
-0.00041079
-0.054742
0.17032
0.31494
0.1669
0.69489
1.4425
1.8202
1.9052
2.0673
1.891
1.5983
3.3794
1.6206
1.262
1.1815
1.3433
-0.14516
-0.07535
0.019766
-0.048447
-0.076589
-0.0013347
0.78404
1.1637
0.88281
1.3794
0.83
-0.42255
0.72504
-1.9847
0.49192
1.4178
-4.4029
-2.5381
-4.8697
