51.1081517438245
35.3706236150866
5.23479724800266
1.49411697292178
0.487411371220344
-0.241276488386389
-0.219835592837333
0.0159420583261062
0.0498767781441166
0.0623923480602191
0.437732544877471
0.677657433686737
1.24523528901609
1.43091337497804
0.694922103600684
0.725310550234968
0.0570817435381151
-0.0212259672877731
0.112065974344351
0.0197508315206418
-0.0500320569425067
0.840550758943694
1.51210789827130
0.0407236826638197
-0.0692306410283791
0.0229764583888964
0.0256105524307833
0.184671513077167
-0.0301925550813486
-0.119501225257608
-0.884286335249018
0.917950986951758
1.44772613302475
0.355374821636677
0.147313162232175
0.0801165303132633
0.240985446529315
0.495827199456045
0.407190201832265
0.535718751617940
1.01898076516440
1.01891076995088
1.02621367297039
0.114242106596688
0.0300616629158144
-0.00890845587123368
-0.00809698464010472
-0.0663807439531578
1.25966023960126
0.278954888253410
-0.549787263093146
-0.0478566047798174
-0.0301236553995408
-0.0274479327431444
-0.0173351657198236
0.117414624146733
0.806476000018438
0.331891607574853
0.0903966985414639
-0.0851164158141758
0.210844967320365
-0.0403966266893125
0.778976909521281
0.267762199679181
0.146196377682554
0.0877026704574307
0.0562494070356016
0.0192980926420920
-0.00540394744441439
0.00396294022127269
0.100620792353678
0.464539741807410
2.02157334984959
3.87779779979262
2.60072221498233
2.48024252843749
0.451619204348055
0.169892888837418
0.0209770406316976
0.0307568749292838
0.104876777413116
0.104848982785697
0.0208904302060982
0.0733736000400403
0.0946611368547982
0.921877194408588
1.65608294017963
0.440307844774895
0.0836299076347023
0.408128905308790
0.234086878066347
1.00744619671661
1.70354380087584
1.25076967364620
0.494456477313325
0.290016542367794
0.419973286325574
1.55281618552400
3.39647908697347
3.55554059449812
3.49511124290163
2.46906486060603
2.46351874131819
0.761000100141142
0.321596581326999
0.0780236819056574
0.0141901147151321
1.00653384140885
1.72791526704137
2.03223061500764
2.18480759402941
1.67947037387815
1.78444679130342
1.22531969219615
0.740383353611344
0.435525627023836
0.215986925492796
0.0587757480277166
0.153488119235108
0.470787225763844
1.27550456869538
0.882398218756898
0.186862449126926
0.0164664781730006
0.0297024200684144
-0.0217136332412767
0.118566669558727
-0.0131324504878680
0.365789103757602
1.64139504394587
1.81937145521624
1.49228346797510
-0.289500209875535
-5.59970543517843
0.639206358114987
0.701743166894338
0.0740705181539630
-0.0415808846165580
-0.0765879503292295
0.0209486610951398
0.0187074264034948
-0.0261015382919259
0.0204099896771655
0.000487340832827345
0.0284441513158713
0.0519889784683949
0.0588071699524851
0.0247633477063921
0.0880254044645564
0.778646885709801
0.348552484868030
0.147168946051723
0.275548653008010
0.767371627741511
2.34791861546468
5.41947975576584
1.44858812934889
1.71422676904272
1.81189180407171
1.82895272055926
0.242793335689791
0.0634010642268277
0.0809915842994702
0.559467028320084
0.133636508650512
0.0845512852063493
0.00567044815475922
0.0788144868393791
0.00708119364635986
0.577831526278507
-0.550376568607011
0.390397556995653
1.09400440567147
0.412678278030710
0.540519961711967
0.259898642630476
0.182887439608460
0.174802812372718
1.20556061461832
0.505707333772470
0.447359495735644
0.863213968985247
0.987315761135036
1.09600970450615
1.95743653583206
0.931760524811720
0.687121367645034
0.605674997862994
0.0838415100421361
0.340619907647587
0.0700954246390911
0.152917948967060
0.123584664975097
-0.103039544812485
0.536794251410227
0.670986814537890
0.0767127417914495
-0.0899953259635816
-0.440941272887840
0.555248627089210
0.246313987386684
0.0463750502052479
0.0494655763518812
0.149832538493779
0.116855122600728
0.0776657043794786
0.0796583851441585
0.221721511397073
0.199977798821404
0.684257439380263
1.90368447787397
5.32890106829398
2.90613380240755
2.19489567871313
2.01002983396776
2.44434587636913
0.450970390642366
0.114058729970987
0.151764780351314
0.0919821572118647
0.0584132946105704
0.0588607853727002
0.908098170130435
0.849571649061808
0.0491397068291696
0.147383913894838
0.111767557659265
0.245784152819809
0.306553330158977
0.139312193966249
0.0620172970408494
0.105589680861160
0.481654063662296
2.93748638162161
2.40769417414824
1.55205255270645
0.997303230812549
0.826005879088473
0.0802478187041423
-0.00260587027283955
-0.00479525074417434
0.0573323561598564
0.206721747370739
0.725683999959489
1.38150832091005
1.17201444196418
0.725798331683089
0.395870136597443
-0.0175037836581358
-0.0371348569613418
0.0816408056004818
0.369496646978492
0.419617217473766
1.42094448275043
0.876064126533294
2.08829366843514
1.40596235380576
0.0796505929419087
0.108900845668296
0.0671290123070479
0.123637266052889
0.271750524173427
0.147857646932884
0.125229638704932
0.298820722042864
1.68182765507577
2.09654226528812
2.02224219661788
1.57360038376339
-0.0757283417611669
0.0827478420345772
0.0473832124159411
0.0125412382424661
0.0391037653890689
0.0563146929291986
0.0372283707652581
0.362656755772101
0.463242892489021
0.456040604552074
0.698012751380217
0.0529126570754938
0.0757054026980491
0.127121280376031
2.17060753327896
0.0320808619272239
0.0476383784908881
0.0814633478656556
0.138682678498927
0.485777696135527
1.06481850219114
1.28139698946088
0.123568636296094
-0.0604129948771208
0.0788112615480520
0.837291248456767
0.542512810075613
0.124408354027912
0.0749874116796262
0.0725298847179489
0.0270460349616799
-0.0399668291511361
0.00172555378295452
0.0469236999754235
-0.0258811158475932
0.0787195155996152
0.189482244222343
0.704225895188467
1.47069864114502
1.35074091042356
1.23880511021576
1.52008297551397
1.18436892945389
-0.936545032629018
0.534963989478786
0.910697077205200
0.884322492873423
0.813058272532235
0.927224219153679
-0.0652465898302572
-0.0254453152787997
-0.0263623832752322
0.00575353592096864
0.0164824251908444
0.0153050000790124
0.774949303183828
1.02321258580220
0.965405451265013
1.52694532332351
1.02222134937814
0.0448513532540960
0.382950616165998
2.87856899187998
3.36741399124472
-1.30732666245215
-1.76205034245332
-7.61350932693272
0.240178220286552