14.595
3.0197
1.2069
0.26609
-0.27366
-0.3111
0.66273
-0.27212
-0.28524
-0.10384
0.33425
1.3943
1.4545
0.78695
0.051255
-0.12407
-0.065436
0.26569
0.42982
0.051919
-0.048419
0.27948
0.7722
0.11079
-0.094916
-0.13292
-0.16536
-0.092209
0.00043892
0.044098
0.88602
0.71648
0.59901
0.48604
-0.158
0.48996
0.1473
0.45937
0.39363
1.1092
0.39181
0.20318
0.016656
-0.0062338
0
-0.015717
0.036475
0.13797
-0.049666
-0.040896
0.38023
0.25609
0
0.011798
0.20332
0.58831
0.41193
0.16787
-0.014412
-0.028221
0.00832
0.060118
0.25594
6.1187e-05
0
0
-0.012975
0.06227
-0.0020482
0.040711
0.12967
0.39703
2.294
2.1892
1.5579
1.7043
0.34118
0.24681
0.029842
0.071706
0
0.019938
0
0.17999
0.57313
1.0695
1.0267
0.47236
0.22494
0.21888
0.4669
0.66718
1.5758
2.1546
1.7109
2.019
0.69633
0.75022
1.0501
0.5513
0.69043
0.53137
0.72178
1.6153
1.2153
0.33125
0.47595
0.35271
0.3964
0.62938
1.2943
2.2825
2.3921
1.8674
1.9931
1.6638
1.1348
0.69441
0.98375
0.56393
0.62616
0.32785
0.24947
0.39671
0.2409
0.44712
0.18708
0.51527
0.82913
1.6776
1.6214
1.4422
1.6773
0.89309
1.806
1.2064
0.4985
0.018746
0.24869
0.20633
0.23738
0.15863
0.13206
0.28842
0.25163
0.22261
0.24938
0.26026
0.53206
0.74261
0.59579
0.56771
0.61589
0.91264
1.7668
3.1368
1.0326
1.1081
1.0817
1.2722
0.39281
0.13568
0.24142
0.38195
0.19098
0.12192
0.13341
0.23012
0.31567
1.2262
0.27051
0.30553
0.34033
0.44136
0.41981
0.24347
0.11889
0.099541
0.35558
0.088954
0.28805
0.2269
0.28981
0.48408
1.0042
0.73579
0.38456
0.5248
0.066388
0.054646
-0.0036995
0.17226
0.29249
0.19134
0.38318
0.59576
0.50214
0.28835
0.27259
0.43369
0.2537
-0.0040428
0.018199
0.10151
0.051717
0.13054
0.17714
0.34682
0.80396
1.5952
2.9369
3.4908
2.4645
1.9436
1.3451
1.2838
0.29996
0.097824
0.13204
-0.029106
0.024319
0.019671
0.71108
0.5833
0.047909
-0.032672
0.18642
0.19807
0.20841
0.12857
0.050363
0.32491
0.74129
1.3851
1.278
1.1772
0.76831
0.66649
-0.0045555
-0.082627
0.040371
0.23121
0.60251
1.0477
1.3603
0.91038
0.61503
0.67441
0.037476
0.09332
0.088932
0.38176
0.50998
0.96634
0.66602
0.97781
0.52845
0.019425
0.16496
0.065576
0.12871
0.35287
0.30607
0.37376
0.47599
1.1518
1.3804
2.0255
1.3299
0.037301
0.033749
-0.075331
-0.065561
-0.034133
-0.048417
0.022113
0.20426
0.37538
0.34669
0.57688
-0.022514
0.0347
0.075952
1.2088
-0.047634
0.021226
0.074763
0.15894
0.4439
0.49865
0.43794
-0.049841
-0.038825
0.12632
0.70598
0.48751
0.29695
0.10572
0.10057
-0.052606
-0.11811
-0.041833
-0.012092
0.085554
0.1736
0.26466
0.42969
1.7538
1.5498
1.7868
2.8209
2.4937
1.633
0.68605
0.9276
0.65663
0.51907
0.56163
-0.14111
-0.09361
-0.10197
0.040699
-0.068289
0.18081
0.48354
1.135
0.6571
1.1324
1.0002
0.47444
0.029135
0.43715
2.2461
4.4791
6.3919
1.9931
-10.168