0.17082
3.6754
1.8099
1.002
0.41644
0.0089042
-0.14847
0.027826
0.3438
0.27119
1.5571
1.4661
1.5303
1.5672
1.2944
0.032918
-0.27275
-0.061056
-0.14842
-0.10558
-0.18135
0.14832
0.55652
-0.13235
-0.23113
-0.074334
0.27913
-0.15646
0.08378
0.0022339
-0.17285
0.84353
1.3193
0.57039
0.40514
0.79295
0.95356
1.0282
1.3916
1.4698
0.93916
1.3319
0.57513
0.040285
0.074343
0.059619
0
0.083905
0.10688
0.015082
0.065869
0.047939
0.05139
-0.011663
0
0.0024238
0.43357
0.0038979
0.0086575
-0.0060964
0
0.18143
0
0.069244
0
0
0
0
0
0
0
0.041497
2.1949
4.5027
3.542
2.7962
0.51037
0.16384
0.012569
0
-0.02256
-0.016888
-0.00095789
0.14518
0.60607
0.69659
1.7468
0.34536
0.18462
0.50844
0.48305
1.0224
1.7512
1.545
1.524
1.3864
0.68404
1.4701
2.4249
1.3068
0.93304
1.3505
0.69498
0.631
0.60291
0.14411
0.48938
0.81566
1.2157
1.7985
1.5807
1.8916
1.9512
1.4512
1.3117
0.98832
0.58304
0.21355
0.31089
1.026
1.0471
0.43896
0.25564
0.30792
0.30795
0.19448
0.40245
0.42226
0.65291
1.816
1.6232
1.4229
1.1171
0.90664
1.6271
1.1612
0.82848
0.8363
0.82738
0.44587
0.54001
0.52698
0.46776
0.25722
0.191
0.17137
0.35397
0.20691
0.35933
0.96666
0.6572
0.48387
0.65574
0.62037
1.5269
3.3137
1.3812
1.1834
1.3384
1.4647
0.4404
0.19255
0.43887
0.42828
0.19496
0.20517
0.039905
0.33049
0.10555
0.81969
0.44557
0.52655
0.86749
1.2423
1.0114
0.33498
0.17476
0.24888
0.21201
0.15992
0.68211
1.7284
0.96561
0.96459
0.65635
0.68248
1.466
0.71135
0.20564
0.1541
0.14498
0.13806
0.16949
0.26018
0.46672
0.66948
0.48424
0.16103
0.36288
0.53809
0.29541
0.17446
0.16014
0.11623
0.042107
0.11777
0.14521
0.21732
0.1993
0.51003
1.3432
3.5635
1.4779
1.5182
1.6866
1.6224
0.37671
0.090736
0.11693
0.10949
0.19669
0.10749
0.77072
0.82275
0.17044
0.13913
0.23816
0.40668
0.19636
0.12843
0.10532
0.1321
0.29486
1.6632
1.5958
1.2238
0.83776
0.65914
0.11135
0.062171
0.12102
0.16624
0.32062
1.0263
1.5088
1.1717
0.63917
0.42625
0.14802
0.12029
0.058731
0.40609
0.60196
1.2537
0.76216
1.4619
0.89688
0.074087
0.065923
0.055182
0.016556
0.29368
0.57978
0.69444
0.82948
0.4946
0.50894
1.2851
1.294
0.18787
0.30268
0.22333
0.076672
0.14272
0.1087
0.053764
0.33908
0.42938
0.53344
0.62375
0.10975
0.04361
0.099654
0.95953
0.19047
0.32256
0.30308
0.4133
0.053994
0.039828
0.030042
0.021775
-0.011801
0.03058
0.56812
0.45819
0.26617
0.1034
0.082933
0.015011
0.01516
-0.0095626
0.012739
0.093805
0.11111
0.015428
0.26698
0.7975
0.5912
0.9613
0.87684
0.74361
0.63629
0.46651
0.74942
0.64204
0.50734
0.52045
-0.03174
-0.0095022
-0.037401
0.076511
0.1022
0.09722
0.47021
0.44191
0.4074
0.88791
0.67137
0.20867
-0.049912
1.9988
1.0349
7.6692
5.6989
1.285
-10.836
