-11.724
10.791
39.716
5.1232
1.3206
0.23822
0.63098
-0.30062
-0.065157
-0.23919
-0.089626
0.64115
1.4876
1.5371
0.844
0.080964
-0.08824
-0.081374
-0.15253
0.006456
0.02068
0.41686
0.43723
-0.1982
-0.014323
-0.049976
-0.2017
-0.30625
-0.31461
0.38213
0.71695
0.65478
0.48336
0.3354
0.73985
0.69512
0.84519
0.95653
1.3286
1.1245
1.5531
1.0246
0.59899
0.23369
0.50614
0.055791
0.57296
0.9348
1.0489
1.4547
1.5385
1.8502
1.2101
1.4013
1.2704
1.3781
1.2946
0.26474
0.16736
-0.047357
0.096291
0.22028
0.26415
0.098218
-0.013748
0.11589
0.17893
0.25897
0.086103
0.29979
0.54934
0.62973
2.5367
3.9544
2.6177
2.21
1.2446
0.79812
0.29415
0.32421
0.6767
0.47327
0.43718
0.4221
0.68269
0.78883
1.3123
0.60229
0.57526
0.13962
0.077487
0.17896
0.72474
1.0727
1.0218
0.69275
0.82981
0.81595
0.38986
0.46525
0.46919
0.66139
0.78572
0.59722
0.43647
0.48303
0.45663
0.84515
1.7176
1.7427
1.567
1.3895
1.0076
0.9524
0.91859
0.63089
0.33271
0.17817
0.19194
0.17895
0.45154
0.65484
0.22945
0.47117
0.23768
0.25816
0.61327
0.70641
1.5569
1.836
1.5619
1.6118
1.3173
1.3558
1.6542
1.7797
0.27745
0.33355
0.14187
0.38822
0.53352
0.39929
0.01359
-0.0062342
0.13762
0.097077
0.11992
0.088574
0.32351
0.76525
0.80884
0.52125
0.51437
0.77142
2.1609
3.6451
1.7796
1.547
1.37
1.3131
0.35763
0.16004
0.22515
0.49052
0.090983
0.11376
0.13654
0.12331
0.17564
0.51235
0.21075
0.43671
1.4805
1.0418
0.20557
0.13638
0.089829
0.17733
0.41902
0.1873
0.10788
0.23889
0.33818
0.22201
0.23818
0.21026
0.29787
0.47101
0.2448
0.14675
0.20198
0.43711
0.89827
0.9576
0.24107
0.24653
0.17022
0.1218
0.2713
0.59818
0.41492
0.17743
0.11954
0.15373
0.15429
0.21221
0.14351
0.21341
0.46781
0.73819
1.4976
3.5718
2.4414
1.7766
1.7918
1.5244
0.3785
0.11972
0.26022
0.17853
0.037609
0.36288
1.7148
1.455
0.95207
0.17655
0.15817
0.19755
0.19821
0.19574
0.11755
0.14805
0.39965
1.0194
1.7436
1.8414
1.3284
2.5033
0.15576
0.046835
0.0071354
0.1601
0.30559
0.57896
0.55328
0.32832
0.26614
0.2418
0.083716
0.0089013
0.18741
0.14103
0.064699
0.24024
0.37912
0.69267
1.0454
1.059
1.0979
0.24656
0.2467
0.32968
0.29959
0.66166
0.44165
0.3476
0.63217
0.88866
1.1639
0.065274
0.083289
0.02632
0.057138
0.056022
0.070114
0.16418
0.27768
0.37992
0.32071
0.52154
0.082712
0.10216
0.28809
1.5523
0.15121
0.10063
0.086895
0.13078
0.23984
0.55584
0.96946
0.76042
0.14859
0.25434
0.59624
0.91219
0.37028
0.06835
0.107
0.16097
0.063319
0.080147
0.11528
0.15112
0.1435
0.20654
0.34271
1.1794
0.9287
1.0005
1.2996
1.0615
0.74738
0.59291
0.86092
0.82051
0.79178
0.70942
0.031753
0.10342
0.13277
0.15113
0.15742
-0.022139
0.80312
1.016
0.98781
1.4323
0.97925
0.083702
0.27187
1.8634
1.4423
2.9321
1.7335
-4.1775
-11.44
