23.111
3.9469
3.0233
-0.034186
0.17472
0.52485
0.74795
0.25903
-0.23856
1.5925
0.46397
1.9861
2.5785
0.52203
-0.013313
0.048505
-0.075166
0.24388
0.73536
0.68092
0.90284
0.55592
0.57029
0
0.8105
1.1056
-0.12069
0.14391
0.11444
-0.061736
0
0.13376
0.097373
1.4379
2.2759
-0.075107
1.2424
0.92072
1.2929
1.3724
-0.019853
1.2283
0.010022
0.90411
0.21547
-0.050947
0.608
0.17265
0.021747
0.24211
0.69948
0.35076
0.30986
0.56036
1.9024
0.71398
0.028745
-0.04725
0
0.50293
0.14595
0.59769
0.55582
0.20128
0.034394
0.54789
0.2992
0.017578
0.42118
1.1576
3.5754
2.9336
2.0886
1.8434
1.3488
1.4337
0.46812
0.059458
0.0051748
0.24996
0.98513
1.1624
-0.10345
0.76387
0.89471
1.613
0.74526
1.0624
0.81928
0.55048
1.1163
3.7966
3.1086
2.1271
2.2646
1.4987
1.8571
1.4945
1.7525
1.5196
1.3646
1.2023
0.85428
0.69423
1.332
0.76254
1.031
0.68007
0.73778
1.1167
1.3358
2.4293
2.2426
1.5838
2.003
1.7058
0.54022
0.75879
0.83906
1.2618
0.7315
0.51749
0.38417
1.0399
0.51372
0.92168
0.69914
1.3959
1.4027
2.0249
1.7641
1.4623
2.1438
1.8581
1.3935
0.47348
0.10853
0.33605
0.47719
0.54172
0.31547
0.39456
0.4054
0.46996
0.36566
0.49113
0.59506
0.61861
0.77983
0.89078
0.63387
0.42651
1.0956
2.0429
4.3321
2.1282
1.6176
1.8978
1.807
0.53309
0.55007
0.30649
0.7096
0.48977
0.42248
0.64328
0.79436
2.2198
5.0074
0.94813
0.77161
0.67327
0.96931
1.1482
0.72962
0.45708
0.60715
1.0695
0.55639
0.62808
0.70491
0.70259
0.8259
0.64073
0.8041
0.89422
1.061
0.6953
0.27759
0.2039
0.25937
0.31104
0.43401
1.1684
2.0874
0.77039
0.52745
0.58065
0.85073
0.62224
0.2186
0.20744
0.32537
0.21469
0.23535
0.27221
0.56796
0.37116
1.1186
2.7117
5.2496
4.3464
3.3853
2.0008
2.2835
0.55343
0.19389
0.37897
0.2542
0.31186
0.47092
1.8337
1.5777
1.3612
0.34869
0.23155
0.441
0.27058
0.29312
0.17521
0.14734
0.32348
0.69937
1.0364
2.004
2.0932
1.3599
0.88886
0.28123
0.20563
0.89097
0.65972
0.58089
1.1613
1.2421
0.76148
0.58581
0.65191
0.50839
0.491
0.24321
1.1722
1.3448
1.9789
1.1165
2.0118
1.5616
0.32917
0.32105
0.2039
0.43864
1.5688
1.3652
0.034257
1.4158
1.4055
1.9374
2.5452
2.7579
1.3419
1.3401
0.56101
0.32402
0.21444
0.16449
0.17441
0.50144
0.55135
0.82523
1.6782
1.2281
0.94665
0.93996
1.7
0.58654
0.54981
0.90368
0.83752
0.042894
0.89558
0.69588
0.17842
0.10465
0.29823
1.2237
0.79101
0.42428
0.1793
0.23485
0.11813
0.12181
0.20669
0.22092
0.49169
0.49271
0.11006
0.99081
1.6251
1.7411
1.8499
2.0316
1.82
1.381
1.0278
1.3723
1.3746
1.04
1.0701
-0.068271
0.01652
0.062068
0.084679
0.084185
0.14916
0.69718
1.2316
1.1162
1.1858
0.84855
0.064706
0.16373
0.36687
0.57911
1.0896
-1.1577
-0.31178
-0.51959
