-8.7947
0.9719
-25.625
-39.265
-9.8072
-1.1776
-0.070583
-0.53872
0.039652
0.12708
1.0172
1.1419
1.5354
0.24909
0.83616
0.86049
0.24077
0.2272
1.3178
0.69818
1.3561
1.0403
0.49606
0.55283
0.12392
0.20925
-0.025846
-0.0063539
-0.15585
-0.0069409
0.46028
1.2833
1.4708
0.099919
1.2597
0.24034
0.22112
0.12969
0.60509
0.64767
1.1437
1.8075
1.4237
0.64205
0.097814
0.086996
0.19733
0.3261
0.32932
0.45811
0.060224
0.4705
-0.0056972
0.22175
0.11482
0.5843
0.26105
0.37857
0.027769
0.10984
0.86737
1.0034
-0.0032164
0.062794
0
0.19005
0.20123
0.060894
-0.088191
0.23268
0.50851
1.0403
2.9135
4.9776
3.7478
2.2513
1.106
0.75476
0.3108
0.66771
1.6563
0.77549
0.40832
0.5444
1.2419
1.1961
2.0913
1.0415
0.5766
0.36834
0.48137
1.1849
2.0172
1.8325
1.4203
1.6142
1.1743
1.2438
1.4754
1.7166
2.6314
1.9557
1.1581
1.0421
1.0753
0.58039
0.4627
1.2571
1.8271
2.1895
2.25
2.8625
2.5815
2.1183
1.512
1.1825
0.7066
0.46079
0.32472
0.15797
0.70676
0.35197
-0.047022
0.17475
0.54796
0.6558
0.54261
0.47438
0.97509
2.6013
2.5797
2.7379
1.703
1.3266
1.375
1.1614
0.45764
0.40035
0.54987
0.26005
0.34026
0.23105
0.43707
0.36827
0.31462
0.42022
0.47078
0.48221
0.5569
0.87023
0.80822
0.42405
0.61688
1.0691
2.6318
4.6223
1.76
1.6712
1.8906
2.0645
0.73607
0.31536
0.33646
0.73709
0.27786
0.14015
0.23356
0.3547
0.8043
2.7358
0.96225
0.49932
0.48089
0.49344
0.90911
0.40152
0.46895
0.64514
0.9243
0.44324
0.4088
0.70545
1.0972
1.2628
0.63297
0.7247
0.77549
0.73664
0.22371
0.28796
0.2046
0.21865
0.3484
0.3254
0.6054
0.5506
0.46087
0.28156
0.38431
0.97684
0.40844
0.23478
0.13825
0.22051
0.17067
0.3458
0.28061
0.40685
0.47744
1.0712
2.2721
5.3034
3.0735
5.466
2.1421
2.0221
0.46497
0.11654
0.057891
0.13601
0.12672
0.27124
1.1167
1.1889
0.28449
0.1541
0.34058
0.54121
0.29507
0.16613
0.1365
0.18937
0.447
2.4906
2.2304
1.5526
1.0665
0.95612
0.12072
0.030216
0.24061
0.27325
0.53437
1.6306
2.1351
1.5622
0.96752
0.72638
0.18759
0.1579
0.12698
0.37652
0.46096
0.87229
0.64663
1.0453
0.73541
0.14279
0.19046
0.11906
0.27616
0.41832
0.46908
0.20768
0.26021
0.38633
0.5939
1.051
2.0616
0.10852
0.17907
0.087881
0.10644
0.12864
0.13162
0.051804
0.39043
0.51121
0.44933
0.74479
0.071916
0.19887
0.23197
1.8368
0.074133
0.1984
0.11063
0.025082
0.3142
0.54223
0.26459
0.16299
0.36835
0.18043
0.79094
0.53961
0.302
0.13058
0.028561
0.035265
0.00023727
0.024217
0.0028748
0.11784
0.086015
-0.056331
1.2317
1.6353
1.3099
1.9667
2.3459
2.1289
1.3619
0.69101
1.2651
1.2228
0.9724
0.94581
-0.073675
-0.004494
-0.054406
-0.01794
0.037574
0.16776
0.61244
1.0259
1.2083
1.1228
0.83178
0.062205
0.040335
0.868
2.0505
3.1135
-6.9334
-6.094
-5.5069
